93	534
95	534
91	533
92	533
94	533
96	533
89	532
90	532
95	532
87	531
88	531
96	531
86	530
96	530
84	529
85	529
97	529
83	528
98	528
81	527
82	527
99	527
100	527
101	527
80	526
102	526
78	525
79	525
102	525
76	524
77	524
101	524
74	523
75	523
101	523
72	522
73	522
101	522
69	521
70	521
71	521
101	521
68	520
102	520
66	519
67	519
102	519
63	518
64	518
65	518
103	518
62	517
103	517
62	516
103	516
62	515
103	515
62	514
104	514
62	513
104	513
62	512
104	512
62	511
105	511
62	510
105	510
62	509
105	509
63	508
106	508
63	507
106	507
63	506
107	506
63	505
107	505
63	504
107	504
109	504
64	503
107	503
108	503
110	503
64	502
111	502
64	501
110	501
64	500
109	500
64	499
109	499
64	498
110	498
111	498
64	497
112	497
113	497
64	496
114	496
64	495
114	495
115	495
65	494
116	494
65	493
116	493
65	492
117	492
66	491
117	491
66	490
118	490
66	489
119	489
67	488
120	488
67	487
120	487
67	486
121	486
67	485
121	485
67	484
121	484
68	483
122	483
68	482
123	482
68	481
124	481
69	480
125	480
126	480
127	480
69	479
128	479
69	478
126	478
127	478
69	477
127	477
70	476
128	476
70	475
128	475
71	474
128	474
71	473
129	473
71	472
130	472
72	471
130	471
131	471
72	470
132	470
73	469
132	469
73	468
132	468
74	467
132	467
74	466
133	466
75	465
134	465
135	465
136	465
76	464
137	464
138	464
76	463
139	463
77	462
140	462
141	462
77	461
142	461
77	460
143	460
77	459
143	459
77	458
143	458
77	457
144	457
77	456
144	456
77	455
144	455
76	454
145	454
76	453
145	453
76	452
145	452
76	451
145	451
76	450
145	450
75	449
145	449
75	448
145	448
76	447
144	447
76	446
144	446
76	445
144	445
77	444
144	444
78	443
144	443
79	442
144	442
80	441
81	441
144	441
82	440
144	440
83	439
143	439
84	438
144	438
85	437
144	437
86	436
144	436
87	435
144	435
87	434
144	434
88	433
144	433
88	432
144	432
89	431
144	431
90	430
144	430
90	429
144	429
90	428
144	428
91	427
144	427
91	426
144	426
91	425
144	425
92	424
144	424
92	423
144	423
92	422
145	422
92	421
145	421
92	420
145	420
93	419
145	419
93	418
145	418
93	417
146	417
93	416
146	416
93	415
146	415
94	414
146	414
94	413
146	413
94	412
146	412
94	411
147	411
94	410
147	410
94	409
147	409
95	408
147	408
95	407
147	407
95	406
148	406
95	405
148	405
95	404
148	404
95	403
149	403
95	402
149	402
95	401
149	401
95	400
150	400
95	399
150	399
95	398
150	398
95	397
150	397
96	396
151	396
96	395
151	395
96	394
151	394
96	393
151	393
96	392
152	392
96	391
152	391
96	390
152	390
96	389
153	389
96	388
153	388
96	387
154	387
95	386
154	386
95	385
154	385
95	384
155	384
95	383
155	383
95	382
155	382
95	381
156	381
95	380
156	380
95	379
157	379
95	378
157	378
95	377
158	377
95	376
158	376
95	375
159	375
94	374
160	374
94	373
160	373
94	372
160	372
94	371
161	371
94	370
162	370
94	369
163	369
94	368
164	368
94	367
164	367
165	367
93	366
166	366
93	365
166	365
93	364
167	364
93	363
168	363
92	362
168	362
92	361
169	361
92	360
170	360
92	359
171	359
91	358
172	358
91	357
173	357
91	356
174	356
90	355
175	355
759	355
762	355
763	355
90	354
176	354
755	354
756	354
757	354
758	354
760	354
761	354
764	354
765	354
90	353
176	353
177	353
750	353
751	353
752	353
753	353
754	353
766	353
89	352
178	352
748	352
749	352
767	352
770	352
771	352
772	352
89	351
179	351
744	351
745	351
746	351
747	351
764	351
765	351
766	351
769	351
773	351
89	350
179	350
742	350
743	350
767	350
768	350
773	350
88	349
180	349
739	349
740	349
741	349
772	349
88	348
181	348
736	348
737	348
738	348
773	348
774	348
775	348
776	348
777	348
88	347
182	347
735	347
773	347
778	347
87	346
183	346
732	346
733	346
734	346
779	346
87	345
184	345
185	345
730	345
731	345
780	345
87	344
186	344
728	344
729	344
781	344
782	344
783	344
784	344
87	343
186	343
726	343
727	343
785	343
86	342
187	342
724	342
725	342
785	342
86	341
188	341
722	341
723	341
785	341
85	340
189	340
720	340
721	340
785	340
85	339
190	339
718	339
719	339
784	339
785	339
787	339
788	339
85	338
191	338
717	338
786	338
789	338
84	337
192	337
193	337
715	337
716	337
789	337
84	336
194	336
714	336
789	336
84	335
194	335
195	335
712	335
713	335
790	335
83	334
196	334
709	334
710	334
711	334
791	334
83	333
197	333
708	333
792	333
83	332
198	332
706	332
707	332
793	332
82	331
199	331
704	331
705	331
793	331
82	330
200	330
702	330
703	330
793	330
82	329
201	329
700	329
701	329
794	329
82	328
202	328
698	328
699	328
795	328
81	327
203	327
696	327
697	327
795	327
81	326
204	326
694	326
695	326
796	326
81	325
205	325
692	325
693	325
796	325
81	324
206	324
690	324
691	324
797	324
80	323
207	323
688	323
689	323
797	323
80	322
208	322
209	322
686	322
687	322
797	322
80	321
210	321
684	321
685	321
797	321
80	320
211	320
682	320
683	320
797	320
80	319
211	319
212	319
680	319
681	319
798	319
79	318
213	318
678	318
679	318
798	318
79	317
214	317
676	317
677	317
798	317
79	316
215	316
674	316
675	316
798	316
79	315
216	315
672	315
673	315
798	315
79	314
217	314
670	314
671	314
798	314
79	313
218	313
219	313
668	313
669	313
798	313
79	312
220	312
667	312
798	312
79	311
220	311
221	311
664	311
665	311
666	311
798	311
78	310
222	310
663	310
798	310
78	309
223	309
661	309
662	309
798	309
78	308
224	308
659	308
660	308
798	308
78	307
225	307
658	307
798	307
78	306
226	306
656	306
657	306
798	306
77	305
227	305
654	305
655	305
797	305
77	304
228	304
653	304
797	304
77	303
229	303
230	303
651	303
652	303
797	303
77	302
231	302
649	302
650	302
797	302
77	301
232	301
648	301
797	301
77	300
232	300
233	300
646	300
647	300
797	300
77	299
234	299
644	299
645	299
796	299
77	298
235	298
642	298
643	298
796	298
77	297
236	297
641	297
796	297
77	296
237	296
640	296
796	296
77	295
238	295
239	295
638	295
639	295
796	295
77	294
240	294
636	294
637	294
795	294
77	293
241	293
635	293
795	293
77	292
242	292
632	292
633	292
634	292
795	292
77	291
243	291
244	291
631	291
795	291
77	290
245	290
630	290
631	290
794	290
77	289
246	289
628	289
629	289
794	289
77	288
247	288
627	288
794	288
77	287
248	287
249	287
625	287
626	287
794	287
77	286
250	286
623	286
624	286
793	286
77	285
251	285
252	285
622	285
793	285
77	284
253	284
620	284
621	284
793	284
77	283
254	283
255	283
618	283
619	283
792	283
78	282
256	282
617	282
792	282
78	281
257	281
258	281
615	281
616	281
792	281
78	280
259	280
614	280
792	280
78	279
260	279
261	279
612	279
613	279
791	279
78	278
262	278
611	278
791	278
78	277
263	277
264	277
608	277
609	277
610	277
791	277
78	276
265	276
607	276
790	276
78	275
266	275
267	275
605	275
606	275
790	275
79	274
268	274
269	274
604	274
790	274
79	273
270	273
271	273
602	273
603	273
789	273
79	272
272	272
601	272
789	272
79	271
272	271
273	271
274	271
598	271
599	271
600	271
789	271
79	270
275	270
276	270
597	270
788	270
79	269
277	269
595	269
596	269
788	269
80	268
278	268
279	268
592	268
593	268
594	268
788	268
80	267
280	267
281	267
591	267
787	267
80	266
282	266
283	266
589	266
590	266
591	266
787	266
80	265
284	265
285	265
587	265
588	265
787	265
80	264
286	264
287	264
585	264
586	264
786	264
80	263
288	263
289	263
583	263
584	263
786	263
81	262
290	262
291	262
581	262
582	262
786	262
81	261
292	261
293	261
579	261
580	261
785	261
81	260
294	260
295	260
577	260
578	260
785	260
82	259
296	259
297	259
575	259
576	259
784	259
82	258
298	258
299	258
573	258
574	258
784	258
82	257
300	257
301	257
571	257
572	257
784	257
82	256
302	256
303	256
569	256
570	256
783	256
83	255
304	255
305	255
306	255
566	255
567	255
568	255
783	255
83	254
307	254
564	254
565	254
782	254
83	253
308	253
309	253
310	253
311	253
562	253
563	253
782	253
84	252
312	252
313	252
559	252
560	252
561	252
782	252
84	251
314	251
556	251
557	251
558	251
781	251
84	250
315	250
316	250
317	250
554	250
555	250
781	250
84	249
318	249
319	249
320	249
551	249
552	249
553	249
780	249
85	248
321	248
549	248
550	248
780	248
85	247
322	247
323	247
324	247
546	247
547	247
548	247
780	247
85	246
325	246
326	246
327	246
544	246
545	246
779	246
86	245
328	245
329	245
330	245
541	245
542	245
543	245
779	245
86	244
331	244
332	244
538	244
539	244
540	244
779	244
87	243
333	243
334	243
335	243
535	243
536	243
537	243
778	243
87	242
336	242
337	242
338	242
532	242
533	242
534	242
778	242
87	241
339	241
340	241
341	241
529	241
530	241
531	241
777	241
88	240
342	240
343	240
526	240
527	240
528	240
776	240
88	239
344	239
345	239
346	239
347	239
522	239
523	239
524	239
525	239
776	239
89	238
348	238
349	238
350	238
351	238
518	238
519	238
520	238
521	238
775	238
89	237
352	237
353	237
354	237
515	237
516	237
517	237
775	237
89	236
355	236
356	236
357	236
510	236
511	236
512	236
513	236
514	236
775	236
90	235
358	235
359	235
360	235
361	235
362	235
506	235
507	235
508	235
509	235
774	235
90	234
363	234
364	234
365	234
366	234
367	234
502	234
503	234
504	234
505	234
774	234
91	233
368	233
369	233
370	233
496	233
497	233
498	233
499	233
500	233
501	233
773	233
91	232
371	232
372	232
373	232
374	232
375	232
488	232
489	232
490	232
491	232
492	232
493	232
494	232
495	232
773	232
91	231
376	231
377	231
378	231
379	231
380	231
484	231
485	231
486	231
487	231
772	231
92	230
381	230
382	230
383	230
384	230
385	230
386	230
387	230
475	230
476	230
477	230
478	230
479	230
480	230
481	230
482	230
483	230
771	230
92	229
388	229
389	229
390	229
391	229
468	229
469	229
470	229
471	229
472	229
473	229
474	229
771	229
93	228
392	228
393	228
394	228
395	228
396	228
397	228
398	228
399	228
400	228
401	228
402	228
403	228
404	228
405	228
406	228
407	228
456	228
457	228
458	228
459	228
460	228
461	228
462	228
463	228
464	228
465	228
466	228
467	228
771	228
93	227
408	227
409	227
410	227
411	227
412	227
413	227
414	227
415	227
416	227
417	227
418	227
419	227
420	227
421	227
422	227
423	227
424	227
425	227
426	227
427	227
428	227
429	227
430	227
431	227
432	227
433	227
434	227
435	227
436	227
437	227
438	227
439	227
440	227
441	227
442	227
443	227
444	227
445	227
446	227
447	227
448	227
449	227
450	227
451	227
452	227
453	227
454	227
455	227
770	227
94	226
770	226
95	225
769	225
95	224
768	224
95	223
768	223
96	222
767	222
96	221
767	221
97	220
766	220
98	219
766	219
98	218
765	218
99	217
765	217
99	216
764	216
100	215
763	215
101	214
762	214
101	213
762	213
101	212
762	212
102	211
103	211
761	211
103	210
760	210
104	209
759	209
104	208
759	208
105	207
758	207
106	206
757	206
106	205
757	205
107	204
756	204
108	203
755	203
108	202
754	202
109	201
754	201
110	200
752	200
753	200
111	199
752	199
111	198
751	198
112	197
750	197
113	196
750	196
114	195
749	195
114	194
748	194
115	193
747	193
116	192
746	192
117	191
746	191
118	190
744	190
745	190
119	189
744	189
119	188
743	188
120	187
742	187
121	186
741	186
122	185
740	185
123	184
739	184
124	183
738	183
125	182
737	182
125	181
737	181
126	180
735	180
736	180
127	179
735	179
128	178
734	178
129	177
733	177
130	176
732	176
131	175
731	175
132	174
730	174
133	173
728	173
729	173
134	172
727	172
135	171
726	171
136	170
725	170
137	169
724	169
138	168
723	168
139	167
722	167
140	166
720	166
721	166
141	165
720	165
142	164
719	164
143	163
717	163
718	163
144	162
716	162
145	161
715	161
146	160
714	160
147	159
713	159
148	158
149	158
711	158
712	158
149	157
710	157
150	156
151	156
709	156
152	155
708	155
153	154
707	154
154	153
706	153
155	152
156	152
704	152
705	152
157	151
703	151
158	150
159	150
702	150
159	149
701	149
160	148
700	148
161	147
162	147
698	147
699	147
163	146
697	146
164	145
696	145
165	144
694	144
695	144
166	143
167	143
693	143
168	142
691	142
692	142
169	141
691	141
170	140
171	140
689	140
690	140
172	139
688	139
173	138
686	138
687	138
174	137
175	137
685	137
176	136
683	136
684	136
177	135
682	135
178	134
179	134
680	134
681	134
180	133
679	133
181	132
678	132
182	131
183	131
676	131
677	131
184	130
675	130
185	129
186	129
674	129
187	128
672	128
673	128
188	127
189	127
670	127
671	127
190	126
191	126
669	126
192	125
667	125
668	125
193	124
666	124
194	123
195	123
664	123
665	123
196	122
197	122
662	122
663	122
198	121
661	121
199	120
659	120
660	120
200	119
201	119
658	119
202	118
203	118
655	118
656	118
657	118
204	117
654	117
205	116
206	116
207	116
652	116
653	116
208	115
650	115
651	115
209	114
648	114
649	114
210	113
211	113
647	113
212	112
213	112
645	112
646	112
214	111
215	111
643	111
644	111
216	110
217	110
640	110
641	110
642	110
218	109
639	109
219	108
220	108
637	108
638	108
221	107
635	107
636	107
222	106
223	106
634	106
224	105
225	105
632	105
633	105
226	104
227	104
629	104
630	104
631	104
228	103
229	103
627	103
628	103
230	102
231	102
625	102
626	102
232	101
623	101
624	101
233	100
234	100
235	100
621	100
622	100
236	99
237	99
619	99
620	99
238	98
239	98
617	98
618	98
240	97
615	97
616	97
241	96
242	96
243	96
613	96
614	96
244	95
245	95
611	95
612	95
246	94
247	94
608	94
609	94
610	94
248	93
249	93
605	93
606	93
607	93
250	92
251	92
603	92
604	92
252	91
253	91
254	91
601	91
602	91
255	90
256	90
599	90
600	90
257	89
258	89
596	89
597	89
598	89
259	88
260	88
594	88
595	88
261	87
262	87
263	87
590	87
591	87
592	87
593	87
264	86
265	86
266	86
588	86
589	86
267	85
268	85
586	85
587	85
269	84
270	84
271	84
583	84
584	84
585	84
272	83
273	83
580	83
581	83
582	83
274	82
275	82
276	82
576	82
577	82
578	82
579	82
277	81
278	81
279	81
574	81
575	81
280	80
281	80
571	80
572	80
573	80
282	79
283	79
284	79
568	79
569	79
570	79
285	78
286	78
287	78
565	78
566	78
567	78
288	77
289	77
290	77
562	77
563	77
564	77
291	76
292	76
293	76
559	76
560	76
561	76
294	75
295	75
296	75
555	75
556	75
557	75
558	75
297	74
298	74
299	74
300	74
552	74
553	74
554	74
301	73
302	73
303	73
548	73
549	73
550	73
551	73
304	72
305	72
306	72
544	72
545	72
546	72
547	72
307	71
308	71
309	71
310	71
542	71
543	71
545	71
311	70
312	70
313	70
543	70
544	70
314	69
315	69
544	69
545	69
546	69
547	69
548	69
549	69
550	69
316	68
317	68
318	68
319	68
551	68
320	67
321	67
322	67
552	67
553	67
554	67
555	67
323	66
324	66
325	66
326	66
327	66
556	66
320	65
321	65
322	65
323	65
328	65
329	65
555	65
319	64
324	64
325	64
548	64
549	64
550	64
551	64
552	64
553	64
554	64
320	63
321	63
322	63
323	63
324	63
544	63
545	63
546	63
547	63
325	62
541	62
542	62
543	62
326	61
327	61
540	61
327	60
536	60
537	60
538	60
539	60
328	59
329	59
535	59
330	58
532	58
533	58
534	58
331	57
332	57
528	57
529	57
530	57
531	57
333	56
334	56
335	56
336	56
337	56
523	56
524	56
525	56
526	56
527	56
338	55
339	55
340	55
515	55
516	55
517	55
518	55
519	55
520	55
521	55
522	55
341	54
342	54
343	54
503	54
504	54
505	54
506	54
507	54
508	54
509	54
510	54
511	54
512	54
513	54
514	54
344	53
345	53
346	53
347	53
348	53
349	53
350	53
351	53
491	53
492	53
493	53
494	53
495	53
496	53
497	53
498	53
499	53
500	53
501	53
502	53
352	52
353	52
354	52
355	52
356	52
357	52
358	52
359	52
360	52
361	52
362	52
363	52
473	52
474	52
475	52
476	52
477	52
478	52
479	52
480	52
481	52
482	52
483	52
484	52
485	52
486	52
487	52
488	52
489	52
490	52
364	51
365	51
366	51
367	51
368	51
369	51
370	51
371	51
372	51
373	51
374	51
375	51
376	51
377	51
378	51
379	51
380	51
381	51
382	51
383	51
462	51
463	51
464	51
465	51
466	51
467	51
468	51
469	51
470	51
471	51
472	51
384	50
385	50
386	50
387	50
388	50
389	50
390	50
391	50
392	50
393	50
394	50
395	50
396	50
397	50
398	50
399	50
400	50
401	50
402	50
403	50
404	50
405	50
406	50
407	50
408	50
409	50
410	50
411	50
412	50
413	50
414	50
415	50
416	50
417	50
418	50
419	50
420	50
421	50
422	50
423	50
424	50
425	50
426	50
427	50
428	50
429	50
430	50
431	50
432	50
433	50
434	50
435	50
436	50
437	50
438	50
439	50
440	50
441	50
442	50
443	50
444	50
445	50
446	50
447	50
448	50
449	50
450	50
451	50
452	50
453	50
454	50
455	50
456	50
457	50
458	50
459	50
460	50
461	50