189	209
190	209
191	208
192	207
193	206
194	205
194	204
195	203
196	202
196	201
197	200
198	199
198	198
199	197
199	196
200	195
200	194
201	193
201	192
202	191
202	190
203	189
203	188
204	187
204	186
205	186
206	186
207	186
208	186
209	186
210	186
211	186
212	186
213	186
214	186
215	186
216	186
217	186
218	186
219	186
220	186
221	186
222	186
223	186
224	186
225	187
225	188
226	189
226	190
226	191
227	192
227	193
228	194
228	195
229	196
229	197
230	198
231	199
231	200
232	201
232	202
233	203
234	204
235	205
235	206
236	207
237	208
238	209
239	209
240	208
240	207
240	206
240	205
240	204
240	203
240	202
240	201
240	200
240	199
240	198
240	197
240	196
240	195
240	194
240	193
240	192
240	191
240	190
240	189
240	188
240	187
240	186
240	185
241	184
241	183
241	182
241	181
241	180
241	179
242	178
242	177
242	176
242	175
242	174
243	173
243	172
243	171
243	170
243	169
244	168
244	167
244	166
245	165
245	164
245	163
246	162
246	161
247	160
247	159
247	158
248	157
249	156
249	155
250	154
250	153
251	152
252	151
252	150
253	149
254	148
255	147
256	146
257	145
258	144
259	143
260	142
261	142
262	141
263	141
264	140
265	140
266	139
267	139
268	138
269	138
270	138
271	138
272	137
273	137
274	137
275	137
276	137
277	137
278	137
279	137
280	137
281	137
282	137
283	137
284	137
285	137
286	138
287	138
288	139
289	139
290	139
291	140
292	140
293	141
294	141
295	142
296	143
297	143
298	144
299	145
300	146
301	147
302	148
303	149
304	150
305	151
305	152
306	153
306	154
307	155
307	156
308	157
308	158
309	159
309	160
309	161
309	162
309	163
310	164
310	165
310	166
310	167
310	168
310	169
310	170
310	171
310	172
309	173
309	174
309	175
309	176
309	177
308	178
308	179
308	180
308	181
307	182
307	183
307	184
306	185
306	186
305	187
305	188
304	189
304	190
303	191
303	192
302	193
302	194
301	195
301	196
300	197
299	198
300	199
301	199
302	199
303	199
304	198
305	198
306	198
307	197
308	197
309	197
310	196
311	196
312	196
313	195
314	195
315	195
316	194
317	194
318	194
319	193
320	193
321	193
322	192
323	192
324	192
325	191
326	191
327	190
328	190
329	190
330	189
331	189
332	188
333	188
334	187
335	187
336	187
337	186
338	186
339	185
340	185
341	184
342	184
343	184
344	183
345	183
346	182
347	182
348	181
349	181
350	180
351	180
352	179
353	179
354	178
355	178
356	177
357	176
358	176
359	175
360	175
361	174
362	174
363	173
364	172
365	172
366	171
367	171
368	170
369	169
370	169
371	168
372	167
373	167
374	166
375	165
376	165
377	164
378	163
379	162
380	162
381	161
382	160
383	159
384	158
385	158
386	157
387	156
388	155
389	154
390	153
391	152
392	151
393	150
394	149
395	148
396	147
397	146
398	145
399	144
400	143
400	142
401	141
402	140
403	139
403	138
404	137
405	136
406	135
406	134
407	133
407	132
408	131
409	130
409	129
410	128
410	127
411	126
411	125
411	124
412	123
412	122
413	121
413	120
413	119
414	118
414	117
414	116
415	115
415	114
415	113
415	112
416	111
416	110
416	109
416	108
416	107
416	106
417	105
417	104
417	103
417	102
417	101
417	100
417	99
417	98
417	97
417	96
417	95
417	94
417	93
417	92
417	91
416	90
416	89
416	88
416	87
416	86
416	85
415	84
415	83
415	82
415	81
415	80
414	79
414	78
414	77
413	76
413	75
413	74
412	73
412	72
411	71
411	70
410	69
410	68
409	67
409	66
408	65
408	64
407	63
407	62
406	61
405	60
405	59
404	58
403	57
402	56
401	55
401	54
400	53
399	52
398	51
397	50
396	49
395	48
394	47
393	46
392	45
391	44
390	43
389	42
388	41
387	41
386	40
385	39
384	38
383	38
382	37
381	36
380	35
379	35
378	34
377	33
376	33
375	32
374	32
373	31
372	30
371	30
370	29
369	29
368	28
367	28
366	27
365	27
364	26
363	25
362	25
361	24
360	24
359	24
358	23
357	23
356	22
355	22
354	21
353	21
352	21
351	20
350	20
349	19
348	19
347	19
346	18
345	18
344	18
343	17
342	17
341	17
340	16
339	16
338	16
337	15
336	15
335	15
334	14
333	15
333	16
334	17
334	18
335	19
336	20
336	21
337	22
337	23
338	24
338	25
339	26
339	27
340	28
340	29
340	30
341	31
341	32
342	33
342	34
342	35
342	36
343	37
343	38
343	39
343	40
344	41
344	42
344	43
344	44
344	45
344	46
344	47
344	48
343	49
343	50
343	51
343	52
342	53
342	54
341	55
340	56
339	57
338	58
337	58
336	59
335	59
334	60
333	60
332	60
331	60
330	61
329	61
328	61
327	61
326	61
325	61
324	61
323	61
322	61
321	61
320	61
319	61
318	61
317	61
316	61
315	61
314	60
313	60
312	60
311	60
310	59
309	59
308	59
307	58
306	58
305	58
304	57
303	57
302	56
301	56
300	55
299	55
298	54
297	53
296	53
295	52
294	51
293	51
292	50
291	49
290	48
289	47
288	46
287	45
286	44
285	43
284	43
283	44
283	45
283	46
282	47
282	48
281	49
280	50
280	51
279	52
278	53
277	54
277	55
276	56
275	57
274	57
273	58
272	59
271	59
270	60
269	60
268	60
267	61
266	61
265	61
264	61
263	61
262	61
261	61
260	61
259	61
258	60
257	60
256	60
255	59
254	59
253	58
252	58
251	57
250	57
249	56
248	55
247	54
246	54
245	53
244	52
243	51
242	50
241	49
240	48
239	47
238	46
237	45
236	44
236	43
235	42
234	41
233	40
232	39
232	38
231	37
230	36
229	35
229	34
228	33
227	32
227	31
226	30
225	29
225	28
224	27
223	26
223	25
222	24
222	23
221	22
220	21
220	20
219	19
219	18
218	17
217	16
217	15
216	14
216	13
215	12
214	11
213	12
212	13
212	14
211	15
211	16
210	17
210	18
209	19
208	20
208	21
207	22
207	23
206	24
205	25
205	26
204	27
203	28
203	29
202	30
201	31
201	32
200	33
199	34
199	35
198	36
197	37
196	38
196	39
195	40
194	41
193	42
193	43
192	44
191	45
190	46
189	47
188	48
187	49
186	50
185	51
184	52
183	53
182	54
181	55
180	55
179	56
178	57
177	57
176	58
175	58
174	59
173	59
172	60
171	60
170	60
169	61
168	61
167	61
166	61
165	61
164	61
163	61
162	61
161	61
160	60
159	60
158	60
157	59
156	59
155	58
154	57
153	56
152	55
151	54
150	53
149	52
148	51
148	50
147	49
147	48
146	47
145	46
145	45
145	44
144	43
143	43
142	44
141	45
140	46
139	47
138	48
137	49
136	50
135	51
134	51
133	52
132	53
131	54
130	54
129	55
128	55
127	56
126	56
125	57
124	57
123	58
122	58
121	58
120	59
119	59
118	59
117	60
116	60
115	60
114	60
113	61
112	61
111	61
110	61
109	61
108	61
107	61
106	61
105	61
104	61
103	61
102	61
101	61
100	61
99	61
98	61
97	60
96	60
95	60
94	60
93	59
92	59
91	58
90	58
89	57
88	56
87	55
86	54
86	53
85	52
85	51
85	50
85	49
84	48
84	47
84	46
84	45
84	44
84	43
84	42
85	41
85	40
85	39
85	38
85	37
86	36
86	35
86	34
87	33
87	32
87	31
88	30
88	29
89	28
89	27
89	26
90	25
90	24
91	23
92	22
92	21
93	20
93	19
94	18
94	17
95	16
95	15
94	14
93	15
92	15
91	15
90	16
89	16
88	16
87	17
86	17
85	17
84	18
83	18
82	18
81	19
80	19
79	19
78	20
77	20
76	21
75	21
74	22
73	22
72	22
71	23
70	23
69	24
68	24
67	25
66	25
65	26
64	26
63	27
62	27
61	28
60	28
59	29
58	29
57	30
56	30
55	31
54	32
53	32
52	33
51	34
50	34
49	35
48	36
47	36
46	37
45	38
44	38
43	39
42	40
41	41
40	42
39	42
38	43
37	44
36	45
35	46
34	47
33	48
32	49
31	50
30	51
29	52
28	53
27	54
27	55
26	56
25	57
24	58
24	59
23	60
22	61
22	62
21	63
20	64
20	65
19	66
19	67
18	68
18	69
17	70
17	71
16	72
16	73
16	74
15	75
15	76
15	77
14	78
14	79
14	80
13	81
13	82
13	83
13	84
12	85
12	86
12	87
12	88
12	89
12	90
11	91
11	92
11	93
11	94
11	95
11	96
11	97
11	98
11	99
11	100
11	101
11	102
11	103
11	104
12	105
12	106
12	107
12	108
12	109
12	110
13	111
13	112
13	113
13	114
13	115
14	116
14	117
14	118
15	119
15	120
15	121
16	122
16	123
17	124
17	125
17	126
18	127
18	128
19	129
20	130
20	131
21	132
21	133
22	134
23	135
23	136
24	137
25	138
25	139
26	140
27	141
28	142
28	143
29	144
30	145
31	146
32	147
33	148
34	149
35	150
36	151
37	152
38	153
39	154
40	155
41	156
42	157
43	157
44	158
45	159
46	160
47	161
48	162
49	162
50	163
51	164
52	165
53	165
54	166
55	167
56	167
57	168
58	169
59	169
60	170
61	171
62	171
63	172
64	172
65	173
66	174
67	174
68	175
69	175
70	176
71	176
72	177
73	178
74	178
75	179
76	179
77	180
78	180
79	181
80	181
81	182
82	182
83	183
84	183
85	184
86	184
87	184
88	185
89	185
90	186
91	186
92	187
93	187
94	188
95	188
96	188
97	189
98	189
99	190
100	190
101	190
102	191
103	191
104	191
105	192
106	192
107	193
108	193
109	193
110	194
111	194
112	194
113	195
114	195
115	195
116	196
117	196
118	196
119	197
120	197
121	197
122	198
123	198
124	198
125	199
126	199
127	199
128	199
129	198
128	197
127	196
127	195
126	194
126	193
125	192
125	191
124	190
124	189
123	188
123	187
122	186
122	185
122	184
121	183
121	182
121	181
120	180
120	179
120	178
119	177
119	176
119	175
119	174
119	173
119	172
118	171
118	170
118	169
118	168
118	167
118	166
118	165
119	164
119	163
119	162
119	161
119	160
120	159
120	158
120	157
121	156
121	155
122	154
122	153
123	152
123	151
124	150
125	149
126	148
127	147
128	146
129	145
130	144
131	144
132	143
133	142
134	142
135	141
136	140
137	140
138	140
139	139
140	139
141	138
142	138
143	137
144	137
145	137
146	137
147	137
148	137
149	137
150	137
151	137
152	137
153	137
154	137
155	137
156	137
157	138
158	138
159	138
160	138
161	139
162	139
163	140
164	140
165	140
166	141
167	142
168	142
169	143
170	144
171	145
172	146
173	146
173	147
174	148
175	149
176	150
177	151
177	152
178	153
179	154
179	155
180	156
180	157
181	158
181	159
182	160
182	161
182	162
183	163
183	164
183	165
184	166
184	167
184	168
185	169
185	170
185	171
185	172
186	173
186	174
186	175
186	176
187	177
187	178
187	179
187	180
187	181
187	182
187	183
188	184
188	185
188	186
188	187
188	188
188	189
188	190
188	191
188	192
188	193
188	194
188	195
188	196
188	197
188	198
188	199
188	200
188	201
188	202
188	203
188	204
188	205
188	206
188	207